0 0.43515625 0.290625 0.0890625 0.146875
0 0.265625 0.39609375 0.021875 0.0359375
0 0.1703125 0.4015625 0.01875 0.03125
0 0.2953125 0.403125 0.01875 0.034375
0 0.1390625 0.415625 0.0234375 0.0390625
0 0.23828125 0.4171875 0.01875 0.0375
0 0.0453125 0.41953125 0.0203125 0.0375
0 0.28203125 0.4203125 0.0203125 0.0421875
0 0.02890625 0.425 0.01875 0.0390625
0 0.1890625 0.4265625 0.0234375 0.0421875
0 0.0125 0.43046875 0.0234375 0.046875
0 0.2640625 0.43046875 0.0203125 0.034375
0 0.228125 0.43671875 0.0203125 0.034375
0 0.15078125 0.43671875 0.0203125 0.0375
0 0.046875 0.459375 0.01875 0.034375
0 0.0296875 0.4609375 0.0203125 0.0359375
0 0.28828125 0.46484375 0.0203125 0.0328125
0 0.2671875 0.465625 0.0203125 0.034375
0 0.1609375 0.46640625 0.01875 0.0359375
0 0.22890625 0.4671875 0.0203125 0.0375
0 0.24765625 0.46640625 0.0203125 0.0359375
0 0.13828125 0.46796875 0.0203125 0.0421875